2.640000 2.330000
2.620000 2.290000
2.590000 2.280000
2.560000 2.270000
2.520000 2.290000
2.480000 2.330000
2.460000 2.380000
2.440000 2.450000
2.450000 2.530000
2.480000 2.600000
2.510000 2.680000
2.580000 2.800000
2.660000 2.860000
2.740000 2.900000
2.830000 2.920000
2.890000 2.900000
2.920000 2.880000
2.930000 2.870000
2.920000 2.870000
2.890000 2.870000
2.820000 2.860000
2.690000 2.890000
2.540000 2.990000
2.360000 3.130000
2.150000 3.370000
1.950000 3.680000
2.360000 2.140000
2.400000 2.220000
2.490000 2.300000
2.610000 2.330000
2.730000 2.310000
2.810000 2.240000
2.840000 2.200000
2.850000 2.140000
2.840000 2.080000
2.800000 2.020000
2.750000 1.980000
2.680000 1.920000
2.560000 1.860000
2.360000 1.810000
2.100000 1.840000
1.830000 1.990000
1.570000 2.240000
1.350000 2.600000
1.240000 2.950000
1.150000 3.330000
1.090000 3.730000
1.040000 4.150000
2.400000 1.440000
2.800000 0.990000
3.060000 0.600000
3.120000 0.350000
3.100000 0.190000
3.020000 0.130000
2.900000 0.100000
2.830000 0.083000
2.770000 0.070000
2.700000 0.060000
2.660000 0.053000
2.630000 0.048000
3.420000 1.610000
4.000000 1.790000
3.870000 0.810000
4.300000 0.000000
3.380000 0.117000
2.880000 0.000000
3.000000 0.000000
3.000000 0.008000
2.910000 0.000000
2.840000 0.000000
2.790000 0.000000
2.750000 0.000000
2.710000 0.000000
2.680000 0.000000
2.660000 0.000000
2.640000 0.000000
2.620000 0.000000
2.600000 0.000000
2.590000 0.000000
2.580000 0.000000
2.570000 0.000000
2.560000 0.000000
2.550000 0.000000
2.540000 0.000000
2.540000 0.000000
2.530000 0.000000
2.520000 0.000000
2.520000 0.000000
2.520000 0.000000
2.510000 0.000000
2.510000 0.000000
2.500000 0.000000
2.500000 0.000000
1.330000 2.640000
1.440000 3.060000
1.690000 3.440000
1.920000 3.780000
2.220000 3.960000
2.300000 4.160000
2.350000 4.150000
2.540000 4.270000
2.730000 4.420000
2.760000 4.390000
2.980000 4.520000
3.210000 4.710000
3.250000 4.770000
3.460000 4.850000
3.630000 4.930000
3.810000 5.010000
3.940000 5.080000
3.990000 5.080000
4.200000 5.160000
4.390000 5.200000
4.650000 5.210000
4.910000 5.200000
4.940000 5.160000
5.170000 5.160000
5.760000 4.920000
6.000000 4.770000
4.670000 4.670000
6.210000 4.600000
6.400000 4.360000
6.580000 4.100000
6.770000 3.860000
6.890000 3.700000
6.850000 3.650000
6.860000 3.470000
6.800000 3.180000
6.780000 3.030000
6.740000 2.930000
6.750000 2.910000
6.730000 2.890000
6.810000 2.860000
6.950000 2.800000
7.140000 2.560000
7.110000 2.460000
2.200000 1.540000
2.180000 1.580000
2.130000 1.700000
2.170000 1.980000
2.350000 2.470000
2.730000 2.920000
1.740000 1.990000
1.730000 1.980000
1.720000 1.980000
1.690000 1.990000
1.660000 2.020000
1.640000 2.070000
1.630000 2.110000
1.620000 2.170000
1.610000 2.230000
1.610000 2.300000
1.610000 2.360000
1.610000 2.440000
1.620000 2.520000
1.620000 2.610000
1.640000 2.710000
1.660000 2.810000
1.670000 2.930000
1.710000 3.060000
1.750000 3.190000
1.800000 3.330000
1.850000 3.480000
1.930000 3.650000
1.980000 3.740000
2.020000 3.820000
2.080000 3.910000
2.140000 4.000000
2.210000 4.090000
2.280000 4.180000
2.360000 4.250000
2.430000 4.310000
2.480000 4.380000
2.530000 4.470000
2.590000 4.550000
2.650000 4.630000
1.545000 0.000000
1.542000 0.000000
1.540000 0.000000
1.538000 0.000000
1.536000 0.000000
1.534000 0.000000
1.532000 0.000000
1.531000 0.000000
1.530000 0.000000
1.529000 0.000000
1.528000 0.000000
1.527000 0.000000
1.526000 0.000000
1.533000 0.000000
1.526000 0.000000
1.525000 0.000000
1.524000 0.000000
1.524000 0.000000
1.523000 0.000000
1.523000 0.000000
1.523000 0.000000
1.522000 0.000000
1.522000 0.000000
1.521000 0.000000
1.521000 0.000000
1.521000 0.000000
1.520000 0.000000
1.520000 0.000000
1.520000 0.000000
1.519000 0.000000
1.519000 0.000000
1.519000 0.000000
1.518000 0.000000
1.518000 0.000000
1.518000 0.000000
1.320000 2.010000
1.500000 2.370000
1.720000 2.700000
2.020000 3.030000
2.370000 3.290000
2.510000 3.390000
2.560000 3.390000
2.770000 3.470000
3.030000 3.630000
3.010000 3.570000
3.270000 3.660000
3.550000 3.720000
3.570000 3.750000
3.760000 3.760000
3.910000 3.770000
4.070000 3.770000
4.240000 3.770000
4.250000 3.780000
4.430000 3.760000
4.620000 3.690000
4.810000 3.630000
5.010000 3.570000
5.100000 3.610000
5.260000 3.520000
5.670000 3.160000
5.820000 2.940000
5.940000 2.690000
5.970000 2.700000
6.070000 2.450000
6.110000 2.250000
6.120000 2.020000
6.100000 1.800000
6.090000 1.720000
6.040000 1.520000
5.950000 1.360000
5.870000 1.260000
5.860000 1.170000
5.880000 1.150000
5.840000 1.060000
5.780000 0.895000
5.680000 0.760000
5.590000 0.659000
5.560000 0.630000
0.346000 1.210000
0.345000 1.320000
0.334000 1.450000
0.304000 1.600000
0.247000 1.820000
0.217000 2.110000
0.206000 2.480000
0.221000 2.940000
0.265000 3.550000
2.510000 1.810000
2.840000 1.660000
3.060000 1.470000
3.220000 1.240000
3.350000 1.010000
3.300000 0.700000
3.120000 0.580000
3.000000 0.530000
2.930000 0.610000
3.070000 0.730000
3.380000 0.650000
3.320000 0.110000
2.495400 0.000000
2.485400 0.000000
2.462600 0.000000
2.440800 0.000000
2.435400 0.000000
2.430600 0.000000
2.423500 0.000000
2.417500 0.000000
2.411100 0.000000
2.410400 0.000000
3.150000 4.000000
3.500000 3.710000
3.710000 3.400000
3.810000 3.160000
3.930000 2.970000
3.960000 2.810000
3.950000 2.690000
3.970000 2.640000
4.140000 2.690000
4.510000 2.470000
4.570000 2.120000
4.520000 1.970000
4.660000 2.060000
5.270000 1.580000
5.080000 0.920000
4.810000 0.630000
4.610000 0.460000
4.440000 0.330000
4.310000 0.240000
4.200000 0.010000
4.010000 0.006000
4.470000 2.680000
4.920000 2.490000
5.350000 2.150000
5.390000 1.300000
4.990000 0.752000
4.720000 0.519000
4.480000 0.334000
4.300000 0.233000
4.130000 0.139000
3.930000 0.115000
0.000000 0.119000
0.000000 0.115000
0.000000 0.113000
0.000000 0.110000
0.000000 0.106000
0.000000 0.099800
0.000000 0.063800
0.000000 0.031500
0.000000 0.018900
0.000000 0.011800
0.000000 0.010500
0.000000 0.010300
0.000000 0.009930
3.703000 0.001610
3.570000 0.001560
3.472000 0.001530
3.394000 0.001250
3.329000 0.000682
3.273000 0.000275
3.225000 0.000040
3.183000 0.000002
3.145000 0.000000
3.112000 0.000000
3.082000 0.000000
3.056000 0.000000
3.032000 0.000000
3.010000 0.000000
2.990000 0.000000
2.240000 1.030000
2.340000 0.870000
2.450000 0.770000
2.540000 0.680000
2.580000 0.590000
2.650000 0.500000
2.720000 0.400000
2.880000 0.310000
2.970000 0.220000
2.940000 0.110000
2.810000 0.040000
2.740000 0.030000
0.542000 2.502000
0.589000 2.665000
0.644000 2.860000
0.713000 3.074000
0.798000 3.294000
0.898000 3.538000
1.027000 3.802000
1.186000 4.090000
1.384000 4.407000
1.620000 4.751000
1.910000 5.150000
2.284000 5.582000
2.746000 6.054000
3.324000 6.558000
0.840000 3.030000
0.860000 3.120000
0.880000 3.230000
0.910000 3.340000
0.950000 3.450000
0.990000 3.580000
1.040000 3.710000
1.110000 3.840000
1.200000 3.970000
1.300000 4.090000
1.410000 4.200000
1.530000 4.290000
1.630000 4.360000
1.800000 4.490000
1.850000 4.550000
1.880000 4.650000
1.900000 4.780000
1.940000 4.940000
2.000000 5.110000
2.050000 5.300000
2.120000 5.510000
2.200000 5.760000
2.300000 6.020000
2.420000 6.330000
2.600000 6.640000
2.780000 6.970000
3.010000 7.310000
2.910000 3.670000
3.010000 3.510000
3.040000 3.400000
3.040000 3.310000
3.040000 3.270000
3.050000 3.240000
3.060000 3.210000
3.060000 3.190000
3.060000 3.180000
3.050000 3.180000
3.030000 3.220000
3.040000 3.270000
3.050000 3.330000
3.080000 3.420000
3.130000 3.510000
3.220000 3.610000
3.360000 3.730000
3.590000 3.780000
3.790000 3.610000
3.760000 3.410000
3.680000 3.450000
3.680000 3.520000
3.740000 3.580000
3.810000 3.580000
3.840000 3.510000
3.770000 3.410000
3.530000 3.300000
3.150000 3.400000
2.510000 1.810000
2.840000 1.660000
3.060000 1.470000
3.220000 1.240000
3.350000 1.010000
3.300000 0.700000
3.120000 0.580000
3.000000 0.530000
2.930000 0.610000
3.070000 0.730000
3.380000 0.650000
3.320000 0.110000
1.620000 2.700000
1.640000 2.680000
1.640000 2.670000
1.610000 2.690000
1.570000 2.720000
1.520000 2.810000
1.500000 2.930000
1.530000 3.050000
1.570000 3.150000
1.620000 3.260000
1.680000 3.350000
1.730000 3.430000
1.770000 3.510000
1.810000 3.610000
1.850000 3.730000
1.910000 3.860000
1.980000 4.000000
2.070000 4.140000
2.180000 4.260000
2.290000 4.380000
2.400000 4.480000
2.500000 4.570000
2.570000 4.680000
2.640000 4.810000
2.690000 4.920000
2.680000 5.080000
2.650000 5.390000
2.720000 5.740000
1.798000 0.000000
1.785000 0.000000
1.776800 0.000000
1.775500 0.000001
1.773200 0.000001
1.773180 0.000001
1.771860 0.000000
1.766800 0.000000
1.765500 0.000000
1.763800 0.000000
1.761040 0.000000
1.755700 0.000000
1.754710 0.000000
1.751200 0.000000
1.748300 0.000000
1.747110 0.000000
1.746900 0.000000
1.745400 0.000000
1.745300 0.000000
1.744460 0.000000
1.743900 0.000000
1.740770 0.000000
1.737370 0.000000
1.734600 0.000000
1.734000 0.000000
1.733350 0.000000
1.732770 0.000000
1.731910 0.000000
1.731010 0.000000
1.728720 0.000000
1.967310 0.000000
1.956510 0.000000
1.946580 0.000000
1.937410 0.000000
1.928930 0.000000
1.921060 0.000000
1.913730 0.000000
1.906900 0.000000
1.900510 0.000000
1.894530 0.000000
1.888910 0.000000
1.883630 0.000000
1.878660 0.000000
1.873970 0.000000
1.869540 0.000000
1.865350 0.000000
1.861380 0.000000
1.857620 0.000000
1.854040 0.000000
1.850640 0.000000
1.844330 0.000000
1.838590 0.000000
1.833360 0.000000
1.828570 0.000000
1.824170 0.000000
1.820120 0.000000
1.816370 0.000000
1.812910 0.000000
1.809700 0.000000
1.806720 0.000000
1.803930 0.000000
1.801340 0.000000
1.798910 0.000000
1.796640 0.000000
1.794510 0.000000
1.792500 0.000000
1.790620 0.000000
1.788840 0.000000
1.787170 0.000000
1.785590 0.000000
1.782680 0.000000
1.780060 0.000000
1.777700 0.000000
1.775570 0.000000
1.773630 0.000000
1.771860 0.000000
1.770250 0.000000
1.768770 0.000000
1.767410 0.000000
1.766150 0.000000
1.765000 0.000000
1.763920 0.000000
1.762930 0.000000
1.762010 0.000000
1.761150 0.000000
3.150000 4.000000
3.500000 3.710000
3.710000 3.400000
3.810000 3.160000
3.930000 2.970000
3.960000 2.810000
3.950000 2.690000
3.970000 2.640000
4.140000 2.690000
4.510000 2.470000
4.570000 2.120000
4.520000 1.970000
4.660000 2.060000
5.270000 1.580000
5.080000 0.920000
4.810000 0.630000
4.610000 0.460000
4.440000 0.330000
4.310000 0.240000
4.200000 0.010000
4.010000 0.006000
2.400000 1.440000
2.800000 0.990000
3.060000 0.600000
3.120000 0.350000
3.100000 0.190000
3.020000 0.130000
2.900000 0.100000
2.830000 0.083000
2.770000 0.070000
2.700000 0.060000
2.660000 0.053000
2.630000 0.048000
3.420000 1.610000
4.000000 1.790000
3.870000 0.810000
4.300000 0.000000
3.380000 0.117000
2.880000 0.000000
3.000000 0.000000
3.000000 0.008000
2.910000 0.000000
2.840000 0.000000
2.790000 0.000000
2.750000 0.000000
2.710000 0.000000
2.680000 0.000000
2.660000 0.000000
2.640000 0.000000
2.620000 0.000000
2.600000 0.000000
2.590000 0.000000
2.580000 0.000000
2.570000 0.000000
2.560000 0.000000
2.550000 0.000000
2.540000 0.000000
2.540000 0.000000
2.530000 0.000000
2.520000 0.000000
2.520000 0.000000
2.520000 0.000000
2.510000 0.000000
2.510000 0.000000
2.500000 0.000000
2.500000 0.000000
1.340000 1.720000
1.340000 1.810000
1.310000 1.870000
1.270000 1.950000
1.180000 2.210000
1.180000 2.210000
1.170000 2.360000
1.150000 2.500000
1.120000 2.600000
1.040000 2.590000
0.826000 2.600000
0.468000 2.810000
0.272000 3.240000
0.214000 3.670000
0.215000 3.860000
0.213000 4.050000
0.214000 4.240000
0.223000 4.430000
0.260000 5.260000
3.840000 1.950000
5.380000 2.180000
4.220000 0.788000
4.360000 0.000000
3.870000 0.251000
3.490000 0.000000
3.400000 0.000000
3.240000 0.022000
3.290000 0.000000
3.200000 0.000000
3.130000 0.000000
3.080000 0.000000
3.030000 0.000000
3.000000 0.000000
2.950000 0.000000
2.970000 0.000000
2.940000 0.000000
2.920000 0.000000
2.900000 0.000000
2.880000 0.000000
2.870000 0.000000
2.850000 0.000000
2.840000 0.000000
2.830000 0.000000
2.820000 0.000000
2.810000 0.000000
2.810000 0.000000
2.800000 0.000000
2.790000 0.000000
2.790000 0.000000
2.780000 0.000000
2.780000 0.000000
2.770000 0.000000
2.770000 0.000000
2.470000 3.080000
2.550000 3.080000
2.640000 3.080000
2.730000 3.100000
2.840000 3.120000
2.950000 3.140000
3.070000 3.160000
3.190000 3.160000
3.300000 3.180000
3.390000 3.170000
3.460000 3.180000
3.470000 3.230000
3.440000 3.350000
3.350000 3.550000
1.510000 2.730000
1.560000 2.810000
1.640000 2.890000
1.730000 2.970000
1.840000 3.060000
1.960000 3.140000
2.070000 3.220000
2.180000 3.260000
2.300000 3.310000
2.420000 3.330000
2.550000 3.380000
2.710000 3.380000
2.840000 3.420000
3.030000 3.400000
3.190000 3.380000
3.360000 3.330000
3.530000 3.260000
3.630000 3.150000
3.680000 3.050000
3.680000 2.980000
3.650000 2.940000
3.550000 2.930000
3.500000 2.990000
3.430000 3.050000
3.410000 3.080000
3.420000 3.140000
3.470000 3.180000
3.430000 3.220000
2.470000 2.150000
2.590000 2.120000
2.770000 2.160000
2.840000 2.210000
3.010000 2.510000
3.370000 2.880000
2.360000 2.140000
2.400000 2.220000
2.490000 2.300000
2.610000 2.330000
2.730000 2.310000
2.810000 2.240000
2.840000 2.200000
2.850000 2.140000
2.840000 2.080000
2.800000 2.020000
2.750000 1.980000
2.680000 1.920000
2.560000 1.860000
2.360000 1.810000
2.100000 1.840000
1.830000 1.990000
1.570000 2.240000
1.350000 2.600000
1.240000 2.950000
1.150000 3.330000
1.090000 3.730000
1.040000 4.150000
2.640000 2.330000
2.620000 2.290000
2.590000 2.280000
2.560000 2.270000
2.520000 2.290000
2.480000 2.330000
2.460000 2.380000
2.440000 2.450000
2.450000 2.530000
2.480000 2.600000
2.510000 2.680000
2.580000 2.800000
2.660000 2.860000
2.740000 2.900000
2.830000 2.920000
2.890000 2.900000
2.920000 2.880000
2.930000 2.870000
2.920000 2.870000
2.890000 2.870000
2.820000 2.860000
2.690000 2.890000
2.540000 2.990000
2.360000 3.130000
2.150000 3.370000
1.950000 3.680000
0.049000 1.010000
0.055000 1.130000
0.061000 1.330000
0.065000 1.470000
0.069000 1.540000
0.068000 1.630000
0.068000 1.760000
0.066000 1.880000
0.063000 2.070000
0.059000 2.230000
0.053000 2.480000
0.049000 2.760000
0.050000 3.220000
0.053000 3.720000
2.910000 3.670000
3.010000 3.510000
3.040000 3.400000
3.040000 3.310000
3.040000 3.270000
3.050000 3.240000
3.060000 3.210000
3.060000 3.190000
3.060000 3.180000
3.050000 3.180000
3.030000 3.220000
3.040000 3.270000
3.050000 3.330000
3.080000 3.420000
3.130000 3.510000
3.220000 3.610000
3.360000 3.730000
3.590000 3.780000
3.790000 3.610000
3.760000 3.410000
3.680000 3.450000
3.680000 3.520000
3.740000 3.580000
3.810000 3.580000
3.840000 3.510000
3.770000 3.410000
3.530000 3.300000
3.150000 3.400000
0.273375 3.593750
0.280000 3.640000
0.286813 3.689375
0.294000 3.740000
0.301875 3.789375
0.310000 3.840000
0.317875 3.894375
0.326000 3.950000
0.334750 4.005000
0.344000 4.060000
0.353813 4.113750
0.364000 4.170000
0.374375 4.233750
0.385000 4.300000
0.395750 4.365000
0.407000 4.430000
0.419125 4.493750
0.432000 4.560000
0.445688 4.633750
0.460000 4.710000
0.474688 4.784375
0.490000 4.860000
0.506188 4.938125
0.523000 5.020000
0.540063 5.108750
0.558000 5.200000
0.577313 5.290000
0.598000 5.380000
0.620313 5.480000
0.644000 5.580000
0.668625 5.690000
0.695000 5.800000
0.723750 5.915000
0.755000 6.030000
0.789000 6.150000
0.826000 6.280000
0.867000 6.420000
0.912000 6.550000
0.963000 6.700000
1.020000 6.850000
1.080000 7.000000
1.150000 7.150000
1.220000 7.310000
1.300000 7.480000
1.390000 7.650000
1.490000 7.820000
1.600000 8.010000
1.740000 8.210000
1.910000 8.390000
2.140000 8.570000
2.410000 8.620000
2.630000 8.600000
2.800000 8.450000
2.740000 8.310000
2.580000 8.210000
2.240000 8.210000
0.980000 2.670000
1.020000 2.760000
1.060000 2.850000
1.120000 2.950000
1.180000 3.040000
1.260000 3.120000
1.330000 3.180000
1.390000 3.240000
1.430000 3.310000
1.440000 3.400000
1.480000 3.540000
1.540000 3.710000
1.650000 3.890000
1.800000 4.060000
1.990000 4.220000
2.220000 4.360000
2.490000 4.440000
2.750000 4.460000
2.980000 4.450000
3.180000 4.410000
3.340000 4.380000
3.480000 4.360000
3.840000 4.370000
4.230000 4.340000
4.270000 4.330000
4.310000 4.320000
4.330000 4.320000
4.380000 4.310000
2.470000 3.080000
2.550000 3.080000
2.640000 3.080000
2.730000 3.100000
2.840000 3.120000
2.950000 3.140000
3.070000 3.160000
3.190000 3.160000
3.300000 3.180000
3.390000 3.170000
3.460000 3.180000
3.470000 3.230000
3.440000 3.350000
3.350000 3.550000
1.380000 1.687000
1.358438 1.703313
1.340000 1.720000
1.329063 1.744563
1.325000 1.770000
1.332500 1.791625
1.340000 1.810000
1.334375 1.822125
1.325000 1.834000
1.317812 1.851750
1.310000 1.872000
1.300313 1.894250
1.290000 1.916000
1.281563 1.931688
1.270000 1.950000
1.249062 1.972438
1.225000 2.015000
1.200000 2.121562
1.180000 2.210000
1.174375 2.177188
1.175000 2.130000
1.177500 2.160063
1.180000 2.210000
1.178125 2.249938
1.175000 2.289000
1.172812 2.326000
1.170000 2.362000
1.165312 2.397625
1.160000 2.433000
1.155312 2.469187
1.150000 2.504000
1.142812 2.535875
1.135000 2.564000
1.131562 2.589625
1.120000 2.605000
1.092437 2.595562
1.040000 2.583000
0.950375 2.576500
0.826000 2.599000
0.645875 2.678062
0.468000 2.809000
0.351250 3.010750
0.272000 3.240000
0.230813 3.458187
0.214000 3.670000
0.209250 3.863125
0.213000 4.050000
0.216250 4.239563
0.223000 4.430000
0.236500 4.619563
0.250000 4.817000
0.254188 5.034125
0.260000 5.260000
0.280000 5.485625
0.300000 5.717000
1.798000 0.000000
1.785000 0.000000
1.776800 0.000000
1.775500 0.000001
1.773200 0.000001
1.773180 0.000001
1.771860 0.000000
1.766800 0.000000
1.765500 0.000000
1.763800 0.000000
1.761040 0.000000
1.755700 0.000000
1.754710 0.000000
1.751200 0.000000
1.748300 0.000000
1.747110 0.000000
1.746900 0.000000
1.745400 0.000000
1.745300 0.000000
1.744460 0.000000
1.743900 0.000000
1.740770 0.000000
1.737370 0.000000
1.734600 0.000000
1.734000 0.000000
1.733350 0.000000
1.732770 0.000000
1.731910 0.000000
1.731010 0.000000
1.728720 0.000000
2.970000 2.370000
2.950000 2.430000
2.950000 2.460000
2.960000 2.500000
2.980000 2.530000
2.990000 2.560000
3.020000 2.600000
3.050000 2.620000
3.090000 2.650000
3.130000 2.670000
3.180000 2.690000
3.240000 2.700000
3.320000 2.700000
3.390000 2.660000
3.430000 2.600000
3.450000 2.550000
3.450000 2.490000
3.430000 2.450000
3.410000 2.430000
3.390000 2.410000
3.370000 2.420000
3.350000 2.420000
3.330000 2.430000
3.320000 2.450000
3.310000 2.470000
3.300000 2.490000
3.310000 2.530000
3.310000 2.550000
3.320000 2.590000
3.340000 2.620000
3.350000 2.640000
3.380000 2.680000
3.420000 2.710000
3.450000 2.720000
3.480000 2.720000
3.500000 2.720000
3.500000 2.730000
3.490000 2.750000
3.510000 2.810000
3.540000 2.840000
3.570000 2.860000
3.600000 2.890000
3.650000 2.920000
3.700000 2.940000
3.760000 2.950000
3.820000 2.910000
3.850000 2.860000
3.840000 2.780000
3.780000 2.720000
3.670000 2.680000
3.560000 2.730000
3.480000 2.790000
3.380000 2.850000
3.290000 2.960000
2.300000 2.330000
2.570000 2.340000
2.780000 2.430000
2.950000 2.380000
3.050000 2.670000
3.510000 3.070000
2.300000 2.330000
2.570000 2.340000
2.780000 2.430000
2.950000 2.380000
3.050000 2.670000
3.510000 3.070000
2.470000 2.150000
2.590000 2.120000
2.770000 2.160000
2.840000 2.210000
3.010000 2.510000
3.370000 2.880000
2.200000 1.540000
2.180000 1.580000
2.130000 1.700000
2.170000 1.980000
2.350000 2.470000
2.730000 2.920000
3.840000 1.950000
5.380000 2.180000
4.220000 0.788000
4.360000 0.000000
3.870000 0.251000
3.490000 0.000000
3.400000 0.000000
3.240000 0.022000
3.290000 0.000000
3.200000 0.000000
3.130000 0.000000
3.080000 0.000000
3.030000 0.000000
3.000000 0.000000
2.950000 0.000000
2.970000 0.000000
2.940000 0.000000
2.920000 0.000000
2.900000 0.000000
2.880000 0.000000
2.870000 0.000000
2.850000 0.000000
2.840000 0.000000
2.830000 0.000000
2.820000 0.000000
2.810000 0.000000
2.810000 0.000000
2.800000 0.000000
2.790000 0.000000
2.790000 0.000000
2.780000 0.000000
2.780000 0.000000
2.770000 0.000000
2.770000 0.000000
0.542000 2.502000
0.589000 2.665000
0.644000 2.860000
0.713000 3.074000
0.798000 3.294000
0.898000 3.538000
1.027000 3.802000
1.186000 4.090000
1.384000 4.407000
1.620000 4.751000
1.910000 5.150000
2.284000 5.582000
2.746000 6.054000
3.324000 6.558000
3.390000 3.010000
3.690000 2.760000
3.920000 2.590000
4.440000 2.290000
4.590000 1.700000
4.400000 1.320000
4.280000 1.210000
4.490000 1.190000
4.790000 0.760000
4.460000 0.022000
1.519000 1.080000
1.496000 0.882000
1.432500 0.761063
1.323000 0.647000
1.142062 0.550875
0.932000 0.504000
0.719062 0.554375
0.526000 0.663000
0.388125 0.818563
0.294000 0.986000
0.253313 1.120687
0.238000 1.240000
0.221438 1.345250
0.209000 1.440000
0.194813 1.533750
0.186000 1.610000
0.192063 1.641875
0.200000 1.670000
0.198063 1.735000
0.192000 1.810000
0.182000 1.878750
0.173000 1.950000
0.172625 2.029375
0.173000 2.110000
0.166688 2.186250
0.160000 2.260000
0.158500 2.329375
0.157000 2.400000
0.151063 2.478750
0.144000 2.560000
0.137313 2.640000
0.132000 2.720000
0.130250 2.798125
0.130000 2.880000
0.129938 2.973750
0.130000 3.070000
0.130063 3.159375
0.129000 3.250000
0.124375 3.348125
0.120000 3.450000
0.119313 3.553750
0.121000 3.660000
0.125500 3.766250
0.131000 3.880000
0.136125 4.010625
0.140000 4.150000
0.140063 4.293125
0.140000 4.440000
0.144313 4.586250
0.148000 4.740000
0.145875 4.908125
0.143000 5.090000
0.142563 5.288750
0.145000 5.500000
0.151938 5.720624
0.163000 5.950000
1.330000 2.640000
1.440000 3.060000
1.690000 3.440000
1.920000 3.780000
2.220000 3.960000
2.300000 4.160000
2.350000 4.150000
2.540000 4.270000
2.730000 4.420000
2.760000 4.390000
2.980000 4.520000
3.210000 4.710000
3.250000 4.770000
3.460000 4.850000
3.630000 4.930000
3.810000 5.010000
3.940000 5.080000
3.990000 5.080000
4.200000 5.160000
4.390000 5.200000
4.650000 5.210000
4.910000 5.200000
4.940000 5.160000
5.170000 5.160000
5.760000 4.920000
6.000000 4.770000
4.670000 4.670000
6.210000 4.600000
6.400000 4.360000
6.580000 4.100000
6.770000 3.860000
6.890000 3.700000
6.850000 3.650000
6.860000 3.470000
6.800000 3.180000
6.780000 3.030000
6.740000 2.930000
6.750000 2.910000
6.730000 2.890000
6.810000 2.860000
6.950000 2.800000
7.140000 2.560000
7.110000 2.460000
0.967000 0.000000
1.007000 0.000000
1.103000 0.000000
1.228000 0.000000
1.364000 0.000000
1.551000 0.000000
1.702000 0.000000
1.813000 0.000000
1.878000 0.000000
1.989000 0.000000
2.135000 0.000000
2.442000 0.000000
2.719000 0.000000
2.991000 0.000000
3.273000 0.000000
3.479000 0.000000
3.701000 0.000000
3.912000 0.000000
4.285000 0.000000
4.541000 0.000000
4.803000 0.000000
2.481000 1.782000
2.480000 1.771000
2.479000 1.761000
2.478000 1.752000
2.476000 1.744000
2.475000 1.736000
2.474000 1.729000
2.473000 1.722000
2.471000 1.716000
2.470000 1.711000
2.470000 1.706000
2.469000 1.701000
2.468000 1.697000
2.468000 1.693000
2.467000 1.690000
2.467000 1.687000
2.467000 1.684000
2.467000 1.681000
2.467000 1.679000
2.466000 1.677000
2.467000 1.675000
2.467000 1.674000
2.467000 1.673000
2.467000 1.672000
2.468000 1.672000
2.469000 1.671000
2.470000 1.671000
2.470000 1.671000
2.472000 1.672000
2.473000 1.673000
2.474000 1.674000
2.476000 1.675000
2.478000 1.677000
2.480000 1.679000
2.481000 1.681000
2.484000 1.683000
2.487000 1.686000
2.489000 1.689000
2.492000 1.692000
2.495000 1.696000
2.499000 1.699000
2.502000 1.703000
2.506000 1.707000
2.510000 1.712000
2.515000 1.716000
2.520000 1.722000
2.525000 1.727000
2.530000 1.732000
2.536000 1.738000
2.542000 1.743000
2.548000 1.750000
2.555000 1.756000
2.563000 1.763000
2.570000 1.770000
2.578000 1.777000
2.587000 1.784000
2.596000 1.792000
2.606000 1.800000
2.616000 1.808000
2.627000 1.816000
2.639000 1.825000
2.651000 1.834000
2.664000 1.844000
2.678000 1.853000
2.694000 1.863000
2.710000 1.873000
2.727000 1.883000
2.746000 1.893000
2.768000 1.904000
2.790000 1.914000
2.816000 1.924000
2.844000 1.933000
2.874000 1.940000
2.908000 1.945000
2.945000 1.946000
2.983000 1.942000
3.020000 1.932000
3.056000 1.917000
3.088000 1.898000
3.115000 1.877000
3.138000 1.856000
3.159000 1.833000
3.175000 1.812000
3.190000 1.791000
3.203000 1.771000
3.214000 1.753000
3.223000 1.736000
3.231000 1.721000
3.239000 1.707000
3.245000 1.695000
3.252000 1.683000
3.259000 1.674000
3.265000 1.665000
3.272000 1.658000
3.279000 1.653000
3.287000 1.647000
3.294000 1.644000
3.303000 1.641000
3.313000 1.641000
3.324000 1.640000
3.335000 1.642000
3.349000 1.645000
3.364000 1.649000
3.382000 1.653000
3.402000 1.660000
3.425000 1.668000
3.454000 1.677000
3.488000 1.687000
3.532000 1.696000
3.586000 1.700000
3.650000 1.694000
3.719000 1.670000
3.785000 1.626000
3.838000 1.569000
3.876000 1.507000
3.901000 1.443000
3.917000 1.382000
3.925000 1.325000
3.929000 1.272000
3.929000 1.222000
3.924000 1.176000
3.919000 1.134000
3.911000 1.094000
3.903000 1.058000
3.892000 1.024000
3.882000 0.992300
3.870000 0.964200
3.860000 0.935800
3.848000 0.910700
3.837000 0.886300
3.826000 0.863300
3.815000 0.841900
3.805000 0.822600
3.795000 0.802400
3.786000 0.782800
3.776000 0.764400
3.767000 0.747400
3.756000 0.735100
3.747000 0.722500
3.738000 0.709700
3.729000 0.695700
3.719000 0.686400
3.711000 0.671600
3.702000 0.660000
3.691000 0.655200
3.685000 0.638200
2.240000 1.030000
2.340000 0.870000
2.450000 0.770000
2.540000 0.680000
2.580000 0.590000
2.650000 0.500000
2.720000 0.400000
2.880000 0.310000
2.970000 0.220000
2.940000 0.110000
2.810000 0.040000
2.740000 0.030000
1.967310 0.000000
1.956510 0.000000
1.946580 0.000000
1.937410 0.000000
1.928930 0.000000
1.921060 0.000000
1.913730 0.000000
1.906900 0.000000
1.900510 0.000000
1.894530 0.000000
1.888910 0.000000
1.883630 0.000000
1.878660 0.000000
1.873970 0.000000
1.869540 0.000000
1.865350 0.000000
1.861380 0.000000
1.857620 0.000000
1.854040 0.000000
1.850640 0.000000
1.844330 0.000000
1.838590 0.000000
1.833360 0.000000
1.828570 0.000000
1.824170 0.000000
1.820120 0.000000
1.816370 0.000000
1.812910 0.000000
1.809700 0.000000
1.806720 0.000000
1.803930 0.000000
1.801340 0.000000
1.798910 0.000000
1.796640 0.000000
1.794510 0.000000
1.792500 0.000000
1.790620 0.000000
1.788840 0.000000
1.787170 0.000000
1.785590 0.000000
1.782680 0.000000
1.780060 0.000000
1.777700 0.000000
1.775570 0.000000
1.773630 0.000000
1.771860 0.000000
1.770250 0.000000
1.768770 0.000000
1.767410 0.000000
1.766150 0.000000
1.765000 0.000000
1.763920 0.000000
1.762930 0.000000
1.762010 0.000000
1.761150 0.000000
1.620000 2.700000
1.640000 2.680000
1.640000 2.670000
1.610000 2.690000
1.570000 2.720000
1.520000 2.810000
1.500000 2.930000
1.530000 3.050000
1.570000 3.150000
1.620000 3.260000
1.680000 3.350000
1.730000 3.430000
1.770000 3.510000
1.810000 3.610000
1.850000 3.730000
1.910000 3.860000
1.980000 4.000000
2.070000 4.140000
2.180000 4.260000
2.290000 4.380000
2.400000 4.480000
2.500000 4.570000
2.570000 4.680000
2.640000 4.810000
2.690000 4.920000
2.680000 5.080000
2.650000 5.390000
2.720000 5.740000
2.850000 0.174000
2.923000 0.007650
2.899000 0.005980
2.877000 0.004930
2.856000 0.003750
2.836000 0.002890
2.817000 0.002040
2.799000 0.001380
2.781000 0.000839
2.765000 0.000191
2.750000 0.000044
2.730500 0.000000
2.707400 0.000000
2.684000 0.000012
2.687000 0.000000
2.678900 0.000000
2.663100 0.000000
2.655700 0.000000
2.651100 0.000000
2.648800 0.000000
2.647500 0.000000
2.641100 0.000000
2.634000 0.000000
2.629600 0.000000
2.624300 0.000000
2.598000 0.000000
0.967000 0.000000
1.007000 0.000000
1.103000 0.000000
1.228000 0.000000
1.364000 0.000000
1.551000 0.000000
1.702000 0.000000
1.813000 0.000000
1.878000 0.000000
1.989000 0.000000
2.135000 0.000000
2.442000 0.000000
2.719000 0.000000
2.991000 0.000000
3.273000 0.000000
3.479000 0.000000
3.701000 0.000000
3.912000 0.000000
4.285000 0.000000
4.541000 0.000000
4.803000 0.000000
0.346000 1.210000
0.345000 1.320000
0.334000 1.450000
0.304000 1.600000
0.247000 1.820000
0.217000 2.110000
0.206000 2.480000
0.221000 2.940000
0.265000 3.550000
3.390000 3.010000
3.690000 2.760000
3.920000 2.590000
4.440000 2.290000
4.590000 1.700000
4.400000 1.320000
4.280000 1.210000
4.490000 1.190000
4.790000 0.760000
4.460000 0.022000
2.495400 0.000000
2.485400 0.000000
2.462600 0.000000
2.440800 0.000000
2.435400 0.000000
2.430600 0.000000
2.423500 0.000000
2.417500 0.000000
2.411100 0.000000
2.410400 0.000000
0.380000 0.070000
0.340000 0.080000
0.287000 0.091000
0.089000 0.288000
0.052000 0.549000
0.041000 0.799000
0.041000 0.898000
0.043000 1.020000
0.043000 1.140000
0.046000 1.280000
0.049000 1.430000
0.053000 1.620000
0.050000 1.840000
0.044000 2.190000
0.040000 2.560000
2.270000 1.230000
2.140000 1.060000
1.740000 1.040000
1.200000 1.650000
1.320000 2.690000
1.820000 3.810000
2.481000 1.782000
2.480000 1.771000
2.479000 1.761000
2.478000 1.752000
2.476000 1.744000
2.475000 1.736000
2.474000 1.729000
2.473000 1.722000
2.471000 1.716000
2.470000 1.711000
2.470000 1.706000
2.469000 1.701000
2.468000 1.697000
2.468000 1.693000
2.467000 1.690000
2.467000 1.687000
2.467000 1.684000
2.467000 1.681000
2.467000 1.679000
2.466000 1.677000
2.467000 1.675000
2.467000 1.674000
2.467000 1.673000
2.467000 1.672000
2.468000 1.672000
2.469000 1.671000
2.470000 1.671000
2.470000 1.671000
2.472000 1.672000
2.473000 1.673000
2.474000 1.674000
2.476000 1.675000
2.478000 1.677000
2.480000 1.679000
2.481000 1.681000
2.484000 1.683000
2.487000 1.686000
2.489000 1.689000
2.492000 1.692000
2.495000 1.696000
2.499000 1.699000
2.502000 1.703000
2.506000 1.707000
2.510000 1.712000
2.515000 1.716000
2.520000 1.722000
2.525000 1.727000
2.530000 1.732000
2.536000 1.738000
2.542000 1.743000
2.548000 1.750000
2.555000 1.756000
2.563000 1.763000
2.570000 1.770000
2.578000 1.777000
2.587000 1.784000
2.596000 1.792000
2.606000 1.800000
2.616000 1.808000
2.627000 1.816000
2.639000 1.825000
2.651000 1.834000
2.664000 1.844000
2.678000 1.853000
2.694000 1.863000
2.710000 1.873000
2.727000 1.883000
2.746000 1.893000
2.768000 1.904000
2.790000 1.914000
2.816000 1.924000
2.844000 1.933000
2.874000 1.940000
2.908000 1.945000
2.945000 1.946000
2.983000 1.942000
3.020000 1.932000
3.056000 1.917000
3.088000 1.898000
3.115000 1.877000
3.138000 1.856000
3.159000 1.833000
3.175000 1.812000
3.190000 1.791000
3.203000 1.771000
3.214000 1.753000
3.223000 1.736000
3.231000 1.721000
3.239000 1.707000
3.245000 1.695000
3.252000 1.683000
3.259000 1.674000
3.265000 1.665000
3.272000 1.658000
3.279000 1.653000
3.287000 1.647000
3.294000 1.644000
3.303000 1.641000
3.313000 1.641000
3.324000 1.640000
3.335000 1.642000
3.349000 1.645000
3.364000 1.649000
3.382000 1.653000
3.402000 1.660000
3.425000 1.668000
3.454000 1.677000
3.488000 1.687000
3.532000 1.696000
3.586000 1.700000
3.650000 1.694000
3.719000 1.670000
3.785000 1.626000
3.838000 1.569000
3.876000 1.507000
3.901000 1.443000
3.917000 1.382000
3.925000 1.325000
3.929000 1.272000
3.929000 1.222000
3.924000 1.176000
3.919000 1.134000
3.911000 1.094000
3.903000 1.058000
3.892000 1.024000
3.882000 0.992300
3.870000 0.964200
3.860000 0.935800
3.848000 0.910700
3.837000 0.886300
3.826000 0.863300
3.815000 0.841900
3.805000 0.822600
3.795000 0.802400
3.786000 0.782800
3.776000 0.764400
3.767000 0.747400
3.756000 0.735100
3.747000 0.722500
3.738000 0.709700
3.729000 0.695700
3.719000 0.686400
3.711000 0.671600
3.702000 0.660000
3.691000 0.655200
3.685000 0.638200
0.840000 3.030000
0.860000 3.120000
0.880000 3.230000
0.910000 3.340000
0.950000 3.450000
0.990000 3.580000
1.040000 3.710000
1.110000 3.840000
1.200000 3.970000
1.300000 4.090000
1.410000 4.200000
1.530000 4.290000
1.630000 4.360000
1.800000 4.490000
1.850000 4.550000
1.880000 4.650000
1.900000 4.780000
1.940000 4.940000
2.000000 5.110000
2.050000 5.300000
2.120000 5.510000
2.200000 5.760000
2.300000 6.020000
2.420000 6.330000
2.600000 6.640000
2.780000 6.970000
3.010000 7.310000
2.270000 1.230000
2.140000 1.060000
1.740000 1.040000
1.200000 1.650000
1.320000 2.690000
1.820000 3.810000
1.545000 0.000000
1.542000 0.000000
1.540000 0.000000
1.538000 0.000000
1.536000 0.000000
1.534000 0.000000
1.532000 0.000000
1.531000 0.000000
1.530000 0.000000
1.529000 0.000000
1.528000 0.000000
1.527000 0.000000
1.526000 0.000000
1.533000 0.000000
1.526000 0.000000
1.525000 0.000000
1.524000 0.000000
1.524000 0.000000
1.523000 0.000000
1.523000 0.000000
1.523000 0.000000
1.522000 0.000000
1.522000 0.000000
1.521000 0.000000
1.521000 0.000000
1.521000 0.000000
1.520000 0.000000
1.520000 0.000000
1.520000 0.000000
1.519000 0.000000
1.519000 0.000000
1.519000 0.000000
1.518000 0.000000
1.518000 0.000000
1.518000 0.000000
4.470000 2.680000
4.920000 2.490000
5.350000 2.150000
5.390000 1.300000
4.990000 0.752000
4.720000 0.519000
4.480000 0.334000
4.300000 0.233000
4.130000 0.139000
3.930000 0.115000
0.000000 0.119000
0.000000 0.115000
0.000000 0.113000
0.000000 0.110000
0.000000 0.106000
0.000000 0.099800
0.000000 0.063800
0.000000 0.031500
0.000000 0.018900
0.000000 0.011800
0.000000 0.010500
0.000000 0.010300
0.000000 0.009930
3.703000 0.001610
3.570000 0.001560
3.472000 0.001530
3.394000 0.001250
3.329000 0.000682
3.273000 0.000275
3.225000 0.000040
3.183000 0.000002
3.145000 0.000000
3.112000 0.000000
3.082000 0.000000
3.056000 0.000000
3.032000 0.000000
3.010000 0.000000
2.990000 0.000000
0.380000 0.070000
0.340000 0.080000
0.287000 0.091000
0.089000 0.288000
0.052000 0.549000
0.041000 0.799000
0.041000 0.898000
0.043000 1.020000
0.043000 1.140000
0.046000 1.280000
0.049000 1.430000
0.053000 1.620000
0.050000 1.840000
0.044000 2.190000
0.040000 2.560000
1.795000 1.920375
1.812000 1.920000
1.822625 1.918875
1.830000 1.916000
1.837125 1.911375
1.840000 1.904000
1.834250 1.891375
1.824000 1.878000
1.812000 1.868250
1.798000 1.860000
1.782000 1.851750
1.766000 1.846000
1.752500 1.845250
1.740000 1.848000
1.727625 1.852375
1.716000 1.862000
1.705875 1.883000
1.696000 1.906000
1.684750 1.922500
1.674000 1.936000
1.666000 1.947750
1.658000 1.956000
1.647250 1.959375
1.636000 1.958000
1.628000 1.951375
1.616000 1.940000
1.596250 1.924500
1.562000 1.904000
1.502125 1.875875
1.426000 1.846000
1.345875 1.814625
1.242000 1.796000
1.086750 1.797375
0.916000 1.840000
0.754500 1.956500
0.608000 2.120000
0.491750 2.326250
0.402000 2.540000
0.345500 2.730625
0.306000 2.880000
0.267625 2.940625
0.236000 2.970000
0.212375 3.015000
0.194000 3.060000
0.177750 3.070000
0.166000 3.150000
0.161000 3.445812
0.160000 3.800000
0.160875 4.087687
0.164000 4.357000
0.169500 4.610188
0.176000 4.860000
0.181375 5.125813
0.188000 5.390000
0.198125 5.631250
0.210000 5.880000
2.850000 0.174000
2.923000 0.007650
2.899000 0.005980
2.877000 0.004930
2.856000 0.003750
2.836000 0.002890
2.817000 0.002040
2.799000 0.001380
2.781000 0.000839
2.765000 0.000191
2.750000 0.000044
2.730500 0.000000
2.707400 0.000000
2.684000 0.000012
2.687000 0.000000
2.678900 0.000000
2.663100 0.000000
2.655700 0.000000
2.651100 0.000000
2.648800 0.000000
2.647500 0.000000
2.641100 0.000000
2.634000 0.000000
2.629600 0.000000
2.624300 0.000000
2.598000 0.000000
1.320000 2.010000
1.500000 2.370000
1.720000 2.700000
2.020000 3.030000
2.370000 3.290000
2.510000 3.390000
2.560000 3.390000
2.770000 3.470000
3.030000 3.630000
3.010000 3.570000
3.270000 3.660000
3.550000 3.720000
3.570000 3.750000
3.760000 3.760000
3.910000 3.770000
4.070000 3.770000
4.240000 3.770000
4.250000 3.780000
4.430000 3.760000
4.620000 3.690000
4.810000 3.630000
5.010000 3.570000
5.100000 3.610000
5.260000 3.520000
5.670000 3.160000
5.820000 2.940000
5.940000 2.690000
5.970000 2.700000
6.070000 2.450000
6.110000 2.250000
6.120000 2.020000
6.100000 1.800000
6.090000 1.720000
6.040000 1.520000
5.950000 1.360000
5.870000 1.260000
5.860000 1.170000
5.880000 1.150000
5.840000 1.060000
5.780000 0.895000
5.680000 0.760000
5.590000 0.659000
5.560000 0.630000
1.840000 0.808000
1.900000 0.910000
1.940000 0.920000
2.000000 0.920000
2.060000 0.910000
2.110000 0.900000
2.170000 0.890000
2.240000 0.880000
2.300000 0.870000
2.380000 0.820000
2.430000 0.750000
2.430000 0.700000
2.330000 0.710000
2.240000 0.800000
